1	Nga Tu An Suong	,	10.84238, 106.61525	
2	0	,	10.82719, 106.62517	
3	0	,	10.83429, 106.60705	
4	0	,	10.81627, 106.60126	
5	0	,	10.80348, 106.63265	
6	0	,	10.80382, 106.63579	
7	0	,	10.79294, 106.65334	
8	Vong xoay Lang Cha Ca	,	10.80021, 106.66103	-1
9	0	,	10.79376, 106.66901	
10	0	,	10.7843, 106.68446	
11	0	,	10.78268, 106.68683	
12	0	,	10.78119, 106.68844	
13	0	,	10.78339, 106.69077	
14	0	,	10.78145, 106.6929	
15	0	,	10.77957, 106.69499	
16	Dinh Doc Lap	,	10.77817, 106.69649	
17	0	,	10.78147, 106.69963	
18	Thao Cam Vien	,	10.78725, 106.70498	
19	Thao Cam Vien	,	10.7886, 106.70355	
20	0	,	10.79092, 106.70563	
21	0	,	10.7905, 106.70147	
22	Vong xoay Dien Bien Phu	,	10.79221, 106.69961	-1
23	0	,	10.82315, 106.62946	
24	Cong Truong Me Linh	,	10.77557, 106.7067	
25	0	,	10.77824, 106.70734	
26	0	,	10.78095, 106.70748	
27	0	,	10.78243, 106.70623	
28	Thao Cam Vien	,	10.78453, 106.70794	
29	0	,	10.77913, 106.70215	
30	0	,	10.78494, 106.68908	
31	0	,	10.78609, 106.6809	
32	0	,	10.79914, 106.68027	
33	0	,	10.79584, 106.68189	
34	0	,	10.79268, 106.6859	
35	0	,	10.79124, 106.68768	
36	0	,	10.78787, 106.69193	
37	0	,	10.78645, 106.69371	
38	0	,	10.80326, 106.68447	
39	0	,	10.78678, 106.65356	
40	0	,	10.77043, 106.6581	
41	0	,	10.7638, 106.65996	
42	0	,	10.76802, 106.66806	
43	0	,	10.77092, 106.67313	
44	Vong xoay Cong truong Dan Chu	,	10.77783, 106.68194	-1
45	0	,	10.7898, 106.59549	
46	0	,	10.78758, 106.5984	
47	0	,	10.79668, 106.61365	
48	0	,	10.8075, 106.62172	
49	0	,	10.80252, 106.69651	
50	0	,	10.77004, 106.6821	
51	0	,	10.8077, 106.63456	
52	0	,	10.79065, 106.66663	
53	0	,	10.78855, 106.68524	
54	0	,	10.79184, 106.69585	
55	0	,	10.78658, 106.70157	
56	0	,	10.79038, 106.69749	
57	0	,	10.77739, 106.70412	
58	0	,	10.78279, 106.70549	
59	0	,	10.78526, 106.70301	
60	0	,	10.79271, 106.69587	
61	0	,	10.78289, 106.67207	
62	0	,	10.7989, 106.61243	
63	0	,	10.80839, 106.61821	
64	0	,	10.82044, 106.63065	
65	0	,	10.82498, 106.60296	
66	0	,	10.81744, 106.61298	
67	0	,	10.81538, 106.62455	
68	0	,	10.80179, 106.63673	
69	0	,	10.77482, 106.64803	
70	0	,	10.79014, 106.65232	-1
71	0	,	10.79294, 106.68	
72	0	,	10.79024, 106.68336	
73	0	,	10.80019, 106.6674	
74	0	,	10.80068, 106.66162	
75	0	,	10.78595, 106.64163	
76	0	,	10.77382, 106.62155	
77	0	,	10.77381, 106.67778	
78	0	,	10.79567, 106.69614	
79	0	,	10.84429, 106.61736	
80	Nem Nuong Ninh Hoa Ai Sa	,	10.85072, 106.62848	
81	0	,	10.84749, 106.63506	
82	0	,	10.84427, 106.64012	
83	0	,	10.83926, 106.64709	
84	0	,	10.83642, 106.6583	
85	0	,	10.83459, 106.66436	
86	0	,	10.82645, 106.67983	
87	bung binh Nguyen Thai Son	,	10.8144, 106.67854	-1
88	0	,	10.81761, 106.68601	
89	bo bit tet Thao Nhi 2	,	10.81551, 106.68874	
90	0	,	10.80269, 106.69855	
91	Cau Bong	,	10.79405, 106.69595	
92	0	,	10.79026, 106.69429	
93	0	,	10.78878, 106.69597	
94	cho Go Vap	,	10.82412, 106.68656	
95	0	,	10.82067, 106.68916	
96	0	,	10.81923, 106.6899	
97	Vong Xoay Cau Binh Loi	,	10.82558, 106.71391	-1
98	0	,	10.81754, 106.71243	
99	0	,	10.80133, 106.7093	
100	0	,	10.83545, 106.66469	
101	cong vien Gia Dinh	,	10.81229, 106.67677	
102	0	,	10.81048, 106.67531	
103	0	,	10.80753, 106.67845	
104	0	,	10.8083, 106.67845	
105	0	,	10.80177, 106.68295	
106	Benh vien Da Khoa Hoan My Sai Gon	,	10.80035, 106.68444	
107	0	,	10.79903, 106.68649	
108	0	,	10.7971, 106.68689	
109	0	,	10.79649, 106.68663	
110	Trung tam The duc The thao Rach Mieu	,	10.79602, 106.68685	
111	0	,	10.79377, 106.70026	
112	Cau Dien Bien Phu 2	,	10.79394, 106.7009	
113	0	,	10.79312, 106.69948	
114	0	,	10.82276, 106.70328	
115	0	,	10.81331, 106.70954	
116	0	,	10.82727, 106.68814	
117	0	,	10.82062, 106.69402	
118	0	,	10.81117, 106.69548	
119	0	,	10.80289, 106.69483	
120	0	,	10.80307, 106.69334	
121	0	,	10.79589, 106.69371	
122	Cong vien nuoc Dam Sen	,	10.76948, 106.63622	
123	Cang hang khong Quoc te Tan Son Nhat	,	10.81394, 106.66562	
124	0	,	10.80466, 106.66426	
125	0	,	10.76679, 106.64216	
126	0	,	10.86179, 106.64946	
127	0	,	10.8547, 106.65596	
128	0	,	10.84982, 106.66497	
129	Cong vien van hoa Go Vap	,	10.83851, 106.68011	
130	0	,	10.83207, 106.68266	
131	0	,	10.82945, 106.68182	
132	0	,	10.82627, 106.68931	
133	0	,	10.79203, 106.68671	
134	0	,	10.79224, 106.6812	
135	0	,	10.78576, 106.68156	
136	0	,	10.80108, 106.66207	
137	0	,	10.80089, 106.65872	
138	0	,	10.80053, 106.66375	
139	0	,	10.8028, 106.63888	
140	0	,	10.81918, 106.61743	